0.15222772277227722 0.40080160320641284
0.1943069306930693 0.23647294589178355
0.6534653465346535 0.3627254509018036
0.8428217821782178 0.3226452905811623
0.15717821782178218 0.6773547094188377
0.2747524752475248 0.24649298597194388
0.10643564356435643 0.11222444889779559
0.2685643564356436 0.25250501002004005
0.16584158415841585 0.1963927855711423
0.10272277227722772 0.10420841683366733
0.04702970297029703 0.06412825651302605
0.027227722772277228 0.02004008016032064
0.007425742574257425 0.002004008016032064
0.0 0.002004008016032064
0.0 0.0
0.1375 0.07482993197278912
0.225 0.3197278911564626
0.4625 0.3877551020408163
0.175 0.21768707482993196
0.3817903596021423 0.6182096403978576
